not connected:
0 1 1 0 0                                                                                                                              
1 0 0 1 0                                                                                                                              
1 0 0 0 0                                                                                                                              
0 1 0 0 0                                                                                                                              
0 0 0 0 0  

connected:
0 1 1 0 0                                                                                                                              
1 0 0 1 0                                                                                                                              
1 0 0 0 0                                                                                                                              
0 1 0 0 1                                                                                                                              
0 0 0 1 0  
